0.0 0.541212
0.01 0.540606
0.02 0.538182
0.03 0.536364
0.04 0.534545
0.05 0.534545
0.06 0.532121
0.07 0.530909
0.08 0.529697
0.09 0.529697
0.1 0.527273
0.11 0.526061
0.12 0.519596
0.13 0.518788
0.14 0.518788
0.15 0.519091
0.16 0.518788
0.17 0.51798
0.18 0.518182
0.19 0.517576
0.2 0.517172
0.21 0.516768
0.22 0.516768
0.23 0.516768
0.24 0.516364
0.25 0.514545
0.26 0.513939
0.27 0.513939
0.28 0.513939
0.29 0.513939
0.3 0.513333
0.31 0.511515
0.32 0.511515
0.33 0.512121
0.34 0.512121
0.35 0.512121
0.36 0.513212
0.37 0.513212
0.38 0.511919
0.39 0.511919
0.4 0.511919
0.41 0.512323
0.42 0.512323
0.43 0.512323
0.44 0.516364
0.45 0.516364
0.46 0.516364
0.47 0.517576
0.48 0.518788
0.49 0.518788
0.5 0.52
0.51 0.52
0.52 0.523939
0.53 0.52404
0.54 0.52404
0.55 0.52404
0.56 0.523939
0.57 0.524242
0.58 0.524364
0.59 0.524364
0.6 0.524364
0.61 0.523636
0.62 0.523232
0.63 0.523636
0.64 0.517576
0.65 0.517576
0.66 0.516364
0.67 0.515152
0.68 0.513939
0.69 0.513939
0.7 0.512727
0.71 0.506061
0.72 0.505455
0.73 0.505051
0.74 0.505051
0.75 0.504242
0.76 0.503838
0.77 0.503838
0.78 0.503838
0.79 0.503838
0.8 0.503838
0.81 0.504242
0.82 0.505051
0.83 0.505051
0.84 0.506667
0.85 0.507879
0.86 0.509091
0.87 0.510303
0.88 0.510303
0.89 0.511515
0.9 0.512727
0.91 0.513939
0.92 0.513939
0.93 0.515152
0.94 0.516364
0.95 0.518788
0.96 0.52
0.97 0.52
0.98 0.521212
0.99 0.522424
1.0 0.524848
1.01 0.526061
1.02 0.526061
1.03 0.527273
1.04 0.528485
1.05 0.530909
1.06 0.530909
1.07 0.532121
1.08 0.533333
1.09 0.539394
1.1 0.540606
1.11 0.540606
1.12 0.541818
1.13 0.542222
1.14 0.543939
1.15 0.544242
1.16 0.544242
1.17 0.544848
1.18 0.545455
1.19 0.545455
1.2 0.545455
1.21 0.545455
1.22 0.551515
1.23 0.553939
1.24 0.553939
1.25 0.553939
1.26 0.553939
1.27 0.553939
1.28 0.56
1.29 0.56
1.3 0.56
1.31 0.563636
1.32 0.564848
1.33 0.566061
1.34 0.566061
1.35 0.568485
1.36 0.569697
1.37 0.570909
1.38 0.572121
1.39 0.572121
1.4 0.573333
1.41 0.574545
1.42 0.575758
1.43 0.575758
1.44 0.57697
1.45 0.578182
1.46 0.579394
1.47 0.580606
1.48 0.580606
1.49 0.581818
1.5 0.58303
1.51 0.58303
1.52 0.584242
1.53 0.584242
1.54 0.585455
1.55 0.586667
1.56 0.586667
1.57 0.586667
1.58 0.586667
1.59 0.589091
1.6 0.590303
1.61 0.590303
1.62 0.590303
1.63 0.590303
1.64 0.590303
1.65 0.590303
1.66 0.590303
1.67 0.592727
1.68 0.593939
1.69 0.593939
1.7 0.595152
1.71 0.595152
1.72 0.595152
1.73 0.596364
1.74 0.596364
1.75 0.597576
1.76 0.597576
1.77 0.597576
1.78 0.598788
1.79 0.598788
1.8 0.598788
1.81 0.598788
1.82 0.6
1.83 0.6
1.84 0.600606
1.85 0.600606
1.86 0.601212
1.87 0.601212
1.88 0.601818
1.89 0.602424
1.9 0.602424
1.91 0.602424
1.92 0.603636
1.93 0.603636
1.94 0.603636
1.95 0.604848
1.96 0.604848
1.97 0.605455
1.98 0.606061
1.99 0.606061
2.0 0.606667
2.01 0.607273
2.02 0.607273
2.03 0.607273
2.04 0.607273
2.05 0.607273
2.06 0.607273
2.07 0.610909
2.08 0.610909
2.09 0.612121
2.1 0.612121
2.11 0.613333
2.12 0.614545
2.13 0.614545
2.14 0.614545
2.15 0.615758
2.16 0.61697
2.17 0.61697
2.18 0.61697
2.19 0.618182
2.2 0.619394
2.21 0.619394
2.22 0.619394
2.23 0.622121
2.24 0.62303
2.25 0.62303
2.26 0.623434
2.27 0.623434
2.28 0.623838
2.29 0.623838
2.3 0.624242
2.31 0.624242
2.32 0.624646
2.33 0.625051
2.34 0.627879
2.35 0.627879
2.36 0.627879
2.37 0.629091
2.38 0.629697
2.39 0.630303
2.4 0.630303
2.41 0.630909
2.42 0.631515
2.43 0.632121
2.44 0.632727
2.45 0.632727
2.46 0.632727
2.47 0.633939
2.48 0.633939
2.49 0.634545
2.5 0.634545
2.51 0.635152
2.52 0.635152
2.53 0.636364
2.54 0.636364
2.55 0.636364
2.56 0.636364
2.57 0.63697
2.58 0.637576
2.59 0.637576
2.6 0.639091
2.61 0.63798
2.62 0.638182
2.63 0.638384
2.64 0.638384
2.65 0.64
2.66 0.638384
2.67 0.638788
2.68 0.638788
2.69 0.638384
2.7 0.639091
2.71 0.639091
2.72 0.639091
2.73 0.639091
2.74 0.639091
2.75 0.639091
2.76 0.639091
2.77 0.639091
2.78 0.639091
2.79 0.639091
2.8 0.639091
2.81 0.639091
2.82 0.639091
2.83 0.639091
2.84 0.639091
2.85 0.639091
2.86 0.639091
2.87 0.639091
2.88 0.639091
2.89 0.639091
2.9 0.639091
2.91 0.639091
2.92 0.639091
2.93 0.639091
2.94 0.639091
2.95 0.639091
2.96 0.639091
2.97 0.639091
2.98 0.639091
2.99 0.639091
3.0 0.639091
3.01 0.639091
3.02 0.639091
3.03 0.639091
3.04 0.639091
3.05 0.639091
3.06 0.639091
3.07 0.639091
3.08 0.639091
3.09 0.639091
3.1 0.639091
3.11 0.639091
3.12 0.639091
3.13 0.639091
3.14 0.639091
3.15 0.639091
3.16 0.639091
3.17 0.639091
3.18 0.639091
3.19 0.639091
3.2 0.639091
3.21 0.639091
3.22 0.639091
3.23 0.639091
3.24 0.639091
3.25 0.639091
3.26 0.639091
3.27 0.639091
3.28 0.639091
3.29 0.639091
3.3 0.639091
3.31 0.639091
3.32 0.639091
3.33 0.639091
3.34 0.639091
3.35 0.639091
3.36 0.639091
3.37 0.639091
3.38 0.639091
3.39 0.639091
3.4 0.639091
3.41 0.639091
3.42 0.639091
3.43 0.639091
3.44 0.639091
3.45 0.639091
3.46 0.639091
3.47 0.639091
3.48 0.639091
3.49 0.639091
3.5 0.639091
3.51 0.639091
3.52 0.639091
3.53 0.639091
3.54 0.639091
3.55 0.639091
3.56 0.639091
3.57 0.639091
3.58 0.639091
3.59 0.639091
3.6 0.639091
3.61 0.639091
3.62 0.639091
3.63 0.639091
3.64 0.639091
3.65 0.639091
3.66 0.639091
3.67 0.639091
3.68 0.639091
3.69 0.639091
3.7 0.639091
3.71 0.639091
3.72 0.639091
3.73 0.639091
3.74 0.639091
3.75 0.639091
3.76 0.639091
3.77 0.639091
3.78 0.639091
3.79 0.639091
3.8 0.639091
3.81 0.639091
3.82 0.639091
3.83 0.639091
3.84 0.639091
3.85 0.639091
3.86 0.639091
3.87 0.639091
3.88 0.639091
3.89 0.639091
3.9 0.639091
3.91 0.639091
3.92 0.639091
3.93 0.639091
3.94 0.639091
3.95 0.639091
3.96 0.639091
3.97 0.639091
3.98 0.639091
3.99 0.639091
4.0 0.639091
4.01 0.639091
4.02 0.639091
4.03 0.639091
4.04 0.639091
4.05 0.639091
4.06 0.639091
4.07 0.639091
4.08 0.639091
4.09 0.639091
4.1 0.639091
4.11 0.639091
4.12 0.639091
4.13 0.639091
4.14 0.639091
4.15 0.639091
4.16 0.639091
4.17 0.639091
4.18 0.639091
4.19 0.639091
4.2 0.639091
4.21 0.639091
4.22 0.639091
4.23 0.639091
4.24 0.639091
4.25 0.639091
4.26 0.639091
4.27 0.639091
4.28 0.639091
4.29 0.639091
4.3 0.639091
4.31 0.639091
4.32 0.639091
4.33 0.639091
4.34 0.639091
4.35 0.639091
4.36 0.639091
4.37 0.639091
4.38 0.639091
4.39 0.639091
4.4 0.639091
4.41 0.639091
4.42 0.639091
4.43 0.639091
4.44 0.639091
4.45 0.639091
4.46 0.639091
4.47 0.639091
4.48 0.639091
4.49 0.639091
4.5 0.639091
4.51 0.639091
4.52 0.639091
4.53 0.639091
4.54 0.639091
4.55 0.639091
4.56 0.639091
4.57 0.639091
4.58 0.639091
4.59 0.639091
4.6 0.639091
4.61 0.639091
4.62 0.639091
4.63 0.639091
4.64 0.639091
4.65 0.639091
4.66 0.639091
4.67 0.639091
4.68 0.639091
4.69 0.639091
4.7 0.639091
4.71 0.639091
4.72 0.639091
4.73 0.639091
4.74 0.639091
4.75 0.639091
4.76 0.639091
4.77 0.639091
4.78 0.639091
4.79 0.639091
4.8 0.639091
4.81 0.639091
4.82 0.639091
4.83 0.639091
4.84 0.639091
4.85 0.639091
4.86 0.639091
4.87 0.639091
4.88 0.639091
4.89 0.639091
4.9 0.639091
4.91 0.639091
4.92 0.639091
4.93 0.639091
4.94 0.639091
4.95 0.639091
4.96 0.639091
4.97 0.639091
4.98 0.639091
4.99 0.639091
5.0 0.639091
5.01 0.639091
5.02 0.639091
5.03 0.639091
5.04 0.639091
5.05 0.639091
5.06 0.639091
5.07 0.639091
5.08 0.639091
5.09 0.639091
5.1 0.639091
5.11 0.639091
5.12 0.639091
5.13 0.639091
5.14 0.639091
5.15 0.639091
5.16 0.639091
5.17 0.639091
5.18 0.639091
5.19 0.639091
5.2 0.639091
5.21 0.639091
5.22 0.639091
5.23 0.639091
5.24 0.639091
5.25 0.639091
5.26 0.639091
5.27 0.639091
5.28 0.639091
5.29 0.639091
5.3 0.639091
5.31 0.639091
5.32 0.639091
5.33 0.639091
5.34 0.639091
5.35 0.639091
5.36 0.639091
5.37 0.639091
5.38 0.639091
5.39 0.639091
5.4 0.639091
5.41 0.639091
5.42 0.639091
5.43 0.639091
5.44 0.639091
5.45 0.639091
5.46 0.639091
5.47 0.639091
5.48 0.639091
5.49 0.639091
5.5 0.639091
5.51 0.639091
5.52 0.639091
5.53 0.639091
5.54 0.639091
5.55 0.639091
5.56 0.639091
5.57 0.639091
5.58 0.639091
5.59 0.639091
5.6 0.639091
5.61 0.639091
5.62 0.639091
5.63 0.639091
5.64 0.639091
5.65 0.639091
5.66 0.639091
5.67 0.639091
5.68 0.639091
5.69 0.639091
5.7 0.639091
5.71 0.639091
5.72 0.639091
5.73 0.639091
5.74 0.639091
5.75 0.639091
5.76 0.639091
5.77 0.639091
5.78 0.639091
5.79 0.639091
5.8 0.639091
5.81 0.639091
5.82 0.639091
5.83 0.639091
5.84 0.639091
5.85 0.639091
5.86 0.639091
5.87 0.639091
5.88 0.639091
5.89 0.639091
5.9 0.639091
5.91 0.639091
5.92 0.639091
5.93 0.639091
5.94 0.639091
5.95 0.639091
5.96 0.639091
5.97 0.639091
5.98 0.639091
5.99 0.639091
6.0 0.639091
