0.0 0.001212
0.01 0.001212
0.02 0.001212
0.03 0.001212
0.04 0.001212
0.05 0.001212
0.06 0.001212
0.07 0.001212
0.08 0.001212
0.09 0.001212
0.1 0.001212
0.11 0.001212
0.12 0.001212
0.13 0.001212
0.14 0.001212
0.15 0.001212
0.16 0.001212
0.17 0.001212
0.18 0.001212
0.19 0.001212
0.2 0.001212
0.21 0.001212
0.22 0.001212
0.23 0.001212
0.24 0.001212
0.25 0.001212
0.26 0.001212
0.27 0.001212
0.28 0.001212
0.29 0.001212
0.3 0.001212
0.31 0.001212
0.32 0.001212
0.33 0.001212
0.34 0.001212
0.35 0.001212
0.36 0.001212
0.37 0.001212
0.38 0.001212
0.39 0.004242
0.4 0.007879
0.41 0.012727
0.42 0.012727
0.43 0.018182
0.44 0.024242
0.45 0.030909
0.46 0.030909
0.47 0.038788
0.48 0.046061
0.49 0.053333
0.5 0.074242
0.51 0.074242
0.52 0.074424
0.53 0.07903
0.54 0.082944
0.55 0.082944
0.56 0.086061
0.57 0.087475
0.58 0.094343
0.59 0.099879
0.6 0.099879
0.61 0.082424
0.62 0.125455
0.63 0.132121
0.64 0.139394
0.65 0.139394
0.66 0.146061
0.67 0.152727
0.68 0.16
0.69 0.16
0.7 0.167273
0.71 0.174545
0.72 0.192727
0.73 0.209091
0.74 0.209091
0.75 0.202828
0.76 0.208485
0.77 0.211879
0.78 0.21596
0.79 0.21596
0.8 0.220364
0.81 0.233939
0.82 0.228364
0.83 0.228364
0.84 0.225212
0.85 0.253939
0.86 0.259394
0.87 0.264848
0.88 0.264848
0.89 0.270909
0.9 0.275758
0.91 0.280606
0.92 0.280606
0.93 0.285455
0.94 0.289697
0.95 0.293939
0.96 0.298788
0.97 0.298788
0.98 0.302424
0.99 0.306667
1.0 0.310303
1.01 0.314545
1.02 0.314545
1.03 0.317576
1.04 0.321212
1.05 0.324848
1.06 0.324848
1.07 0.337576
1.08 0.337273
1.09 0.340202
1.1 0.34101
1.11 0.34101
1.12 0.343636
1.13 0.344242
1.14 0.344848
1.15 0.345455
1.16 0.345455
1.17 0.34697
1.18 0.346465
1.19 0.355758
1.2 0.355758
1.21 0.358182
1.22 0.36
1.23 0.362424
1.24 0.364848
1.25 0.364848
1.26 0.366667
1.27 0.368485
1.28 0.370909
1.29 0.370909
1.3 0.372121
1.31 0.374545
1.32 0.376364
1.33 0.378182
1.34 0.378182
1.35 0.38
1.36 0.381818
1.37 0.38303
1.38 0.385455
1.39 0.385455
1.4 0.386667
1.41 0.387879
1.42 0.390303
1.43 0.390303
1.44 0.391515
1.45 0.392727
1.46 0.393939
1.47 0.396364
1.48 0.396364
1.49 0.397576
1.5 0.398788
1.51 0.40404
1.52 0.404848
1.53 0.404848
1.54 0.404848
1.55 0.40697
1.56 0.404242
1.57 0.404242
1.58 0.404545
1.59 0.407576
1.6 0.406364
1.61 0.406364
1.62 0.406364
1.63 0.407273
1.64 0.408485
1.65 0.408485
1.66 0.408485
1.67 0.408485
1.68 0.408485
1.69 0.408485
1.7 0.408485
1.71 0.408485
1.72 0.408485
1.73 0.407879
1.74 0.407273
1.75 0.407273
1.76 0.407273
1.77 0.406061
1.78 0.406061
1.79 0.404848
1.8 0.404848
1.81 0.403636
1.82 0.403636
1.83 0.401818
1.84 0.400808
1.85 0.400808
1.86 0.400808
1.87 0.400404
1.88 0.4
1.89 0.399394
1.9 0.399394
1.91 0.399596
1.92 0.399192
1.93 0.398788
1.94 0.398788
1.95 0.399697
1.96 0.392727
1.97 0.391515
1.98 0.391515
1.99 0.391515
2.0 0.390303
2.01 0.390303
2.02 0.390303
2.03 0.390303
2.04 0.386667
2.05 0.385455
2.06 0.381212
2.07 0.38101
2.08 0.38101
2.09 0.378788
2.1 0.373333
2.11 0.373333
2.12 0.380606
2.13 0.380606
2.14 0.377576
2.15 0.378586
2.16 0.377576
2.17 0.377576
2.18 0.378182
2.19 0.374545
2.2 0.373333
2.21 0.372121
2.22 0.372121
2.23 0.370909
2.24 0.365333
2.25 0.366667
2.26 0.366364
2.27 0.366364
2.28 0.365253
2.29 0.364848
2.3 0.364444
2.31 0.364444
2.32 0.364444
2.33 0.365455
2.34 0.363636
2.35 0.363636
2.36 0.363636
2.37 0.361212
2.38 0.36
2.39 0.36
2.4 0.36
2.41 0.359394
2.42 0.358788
2.43 0.358182
2.44 0.357576
2.45 0.357576
2.46 0.357576
2.47 0.35697
2.48 0.356364
2.49 0.356364
2.5 0.356364
2.51 0.355758
2.52 0.355152
2.53 0.355152
2.54 0.355152
2.55 0.355152
2.56 0.355152
2.57 0.355152
2.58 0.355152
2.59 0.355152
2.6 0.355152
2.61 0.355152
2.62 0.355152
2.63 0.355152
2.64 0.355152
2.65 0.355152
2.66 0.355152
2.67 0.355152
2.68 0.355152
2.69 0.355152
2.7 0.355152
2.71 0.355152
2.72 0.355152
2.73 0.355152
2.74 0.353333
2.75 0.353333
2.76 0.353333
2.77 0.353333
2.78 0.353333
2.79 0.353333
2.8 0.353333
2.81 0.353333
2.82 0.353333
2.83 0.353333
2.84 0.353333
2.85 0.353333
2.86 0.353333
2.87 0.353333
2.88 0.353333
2.89 0.353333
2.9 0.353333
2.91 0.353333
2.92 0.353333
2.93 0.353333
2.94 0.353333
2.95 0.353333
2.96 0.353333
2.97 0.353333
2.98 0.353333
2.99 0.353333
3.0 0.353333
3.01 0.353333
3.02 0.353333
3.03 0.353333
3.04 0.353333
3.05 0.353333
3.06 0.353333
3.07 0.353333
3.08 0.353333
3.09 0.353333
3.1 0.353333
3.11 0.353333
3.12 0.353333
3.13 0.353333
3.14 0.353333
3.15 0.353333
3.16 0.353333
3.17 0.353333
3.18 0.353333
3.19 0.353333
3.2 0.353333
3.21 0.353333
3.22 0.353333
3.23 0.353333
3.24 0.353333
3.25 0.353333
3.26 0.353333
3.27 0.353333
3.28 0.353333
3.29 0.353333
3.3 0.353333
3.31 0.353333
3.32 0.353333
3.33 0.353333
3.34 0.353333
3.35 0.353333
3.36 0.353333
3.37 0.353333
3.38 0.353333
3.39 0.353333
3.4 0.353333
3.41 0.353333
3.42 0.353333
3.43 0.353333
3.44 0.353333
3.45 0.353333
3.46 0.353333
3.47 0.353333
3.48 0.353333
3.49 0.353333
3.5 0.353333
3.51 0.353333
3.52 0.353333
3.53 0.353333
3.54 0.353333
3.55 0.353333
3.56 0.353333
3.57 0.353333
3.58 0.353333
3.59 0.353333
3.6 0.353333
3.61 0.353333
3.62 0.353333
3.63 0.353333
3.64 0.353333
3.65 0.353333
3.66 0.353333
3.67 0.353333
3.68 0.353333
3.69 0.353333
3.7 0.353333
3.71 0.353333
3.72 0.353333
3.73 0.353333
3.74 0.353333
3.75 0.353333
3.76 0.353333
3.77 0.353333
3.78 0.353333
3.79 0.353333
3.8 0.353333
3.81 0.353333
3.82 0.353333
3.83 0.353333
3.84 0.353333
3.85 0.353333
3.86 0.353333
3.87 0.353333
3.88 0.353333
3.89 0.353333
3.9 0.353333
3.91 0.353333
3.92 0.353333
3.93 0.353333
3.94 0.353333
3.95 0.353333
3.96 0.353333
3.97 0.353333
3.98 0.353333
3.99 0.353333
4.0 0.353333
4.01 0.353333
4.02 0.353333
4.03 0.353333
4.04 0.353333
4.05 0.353333
4.06 0.353333
4.07 0.353333
4.08 0.353333
4.09 0.353333
4.1 0.353333
4.11 0.353333
4.12 0.353333
4.13 0.353333
4.14 0.353333
4.15 0.353333
4.16 0.353333
4.17 0.353333
4.18 0.353333
4.19 0.353333
4.2 0.353333
4.21 0.353333
4.22 0.353333
4.23 0.353333
4.24 0.353333
4.25 0.353333
4.26 0.353333
4.27 0.353333
4.28 0.353333
4.29 0.353333
4.3 0.353333
4.31 0.353333
4.32 0.353333
4.33 0.353333
4.34 0.353333
4.35 0.353333
4.36 0.353333
4.37 0.353333
4.38 0.353333
4.39 0.353333
4.4 0.353333
4.41 0.353333
4.42 0.353333
4.43 0.353333
4.44 0.353333
4.45 0.353333
4.46 0.353333
4.47 0.353333
4.48 0.353333
4.49 0.353333
4.5 0.353333
4.51 0.353333
4.52 0.353333
4.53 0.353333
4.54 0.353333
4.55 0.353333
4.56 0.353333
4.57 0.353333
4.58 0.353333
4.59 0.353333
4.6 0.353333
4.61 0.353333
4.62 0.353333
4.63 0.353333
4.64 0.353333
4.65 0.353333
4.66 0.353333
4.67 0.353333
4.68 0.353333
4.69 0.353333
4.7 0.353333
4.71 0.353333
4.72 0.353333
4.73 0.353333
4.74 0.353333
4.75 0.353333
4.76 0.353333
4.77 0.353333
4.78 0.353333
4.79 0.353333
4.8 0.353333
4.81 0.353333
4.82 0.353333
4.83 0.353333
4.84 0.353333
4.85 0.353333
4.86 0.353333
4.87 0.353333
4.88 0.353333
4.89 0.353333
4.9 0.353333
4.91 0.353333
4.92 0.353333
4.93 0.353333
4.94 0.353333
4.95 0.353333
4.96 0.353333
4.97 0.353333
4.98 0.353333
4.99 0.353333
5.0 0.353333
5.01 0.353333
5.02 0.353333
5.03 0.353333
5.04 0.353333
5.05 0.353333
5.06 0.353333
5.07 0.353333
5.08 0.353333
5.09 0.353333
5.1 0.353333
5.11 0.353333
5.12 0.353333
5.13 0.353333
5.14 0.353333
5.15 0.353333
5.16 0.353333
5.17 0.353333
5.18 0.353333
5.19 0.353333
5.2 0.353333
5.21 0.353333
5.22 0.353333
5.23 0.353333
5.24 0.353333
5.25 0.353333
5.26 0.353333
5.27 0.353333
5.28 0.353333
5.29 0.353333
5.3 0.353333
5.31 0.353333
5.32 0.353333
5.33 0.353333
5.34 0.353333
5.35 0.353333
5.36 0.353333
5.37 0.353333
5.38 0.353333
5.39 0.353333
5.4 0.353333
5.41 0.353333
5.42 0.353333
5.43 0.353333
5.44 0.353333
5.45 0.353333
5.46 0.353333
5.47 0.353333
5.48 0.353333
5.49 0.353333
5.5 0.353333
5.51 0.353333
5.52 0.353333
5.53 0.353333
5.54 0.353333
5.55 0.353333
5.56 0.353333
5.57 0.353333
5.58 0.353333
5.59 0.353333
5.6 0.353333
5.61 0.353333
5.62 0.353333
5.63 0.353333
5.64 0.353333
5.65 0.353333
5.66 0.353333
5.67 0.353333
5.68 0.353333
5.69 0.353333
5.7 0.353333
5.71 0.353333
5.72 0.353333
5.73 0.353333
5.74 0.353333
5.75 0.353333
5.76 0.353333
5.77 0.353333
5.78 0.353333
5.79 0.353333
5.8 0.353333
5.81 0.353333
5.82 0.353333
5.83 0.353333
5.84 0.353333
5.85 0.353333
5.86 0.353333
5.87 0.353333
5.88 0.353333
5.89 0.353333
5.9 0.353333
5.91 0.353333
5.92 0.353333
5.93 0.353333
5.94 0.353333
5.95 0.353333
5.96 0.353333
5.97 0.353333
5.98 0.353333
5.99 0.353333
6.0 0.353333
